========================================
Upper Bounds on C_{29,k}
========================================
k    | Upper Bound
-------------------------
1    | 1.0000
2    | 1.1898
3    | 1.5165
4    | 1.8137
5    | 2.0916
6    | 2.3761
7    | 2.6647
8    | 2.9598
9    | 3.2663
10   | 3.5867
11   | 3.9247
12   | 4.2841
13   | 4.6727
14   | 5.0930
15   | 5.5573
16   | 6.0713
17   | 6.6464
18   | 7.2964
19   | 8.0364
20   | 8.8850
21   | 9.8659
22   | 11.0096
23   | 12.3545
24   | 13.9487
25   | 15.8526
26   | 18.1454
27   | 20.9387
28   | 24.4132
29   | 29.0000


========================================
Upper Bounds on C_{31,k}
========================================
k    | Upper Bound
-------------------------
1    | 1.0000
2    | 1.1888
3    | 1.5136
4    | 1.8086
5    | 2.0831
6    | 2.3632
7    | 2.6458
8    | 2.9332
9    | 3.2298
10   | 3.5384
11   | 3.8605
12   | 4.2005
13   | 4.5623
14   | 4.9511
15   | 5.3895
16   | 5.8826
17   | 6.3947
18   | 6.9592
19   | 8.3882
20   | 9.1247
21   | 9.9515
22   | 10.8865
23   | 11.9522
24   | 13.1766
25   | 14.5945
26   | 16.2486
27   | 18.1927
28   | 20.4969
29   | 23.2603
30   | 30.0000
31   | 31.0000


========================================
Upper Bounds on C(d)
========================================
d     | New Upper Bound (n) | Previous Upper Bound
--------------------------------------------------
0.01  | 0.9557 (n=29)       | 0.9583
0.02  | 0.9141 (n=29)       | 0.9189
0.03  | 0.8751 (n=29)       | 0.8817
0.04  | 0.8385 (n=29)       | 0.8467
0.05  | 0.8039 (n=29)       | 0.8139
0.10  | 0.6577 (n=29)       | 0.6762
0.15  | 0.5454 (n=29)       | 0.5660
0.20  | 0.4574 (n=29)       | 0.4786
0.25  | 0.3876 (n=29)       | 0.4083
0.30  | 0.3314 (n=29)       | 0.3513
0.35  | 0.2857 (n=29)       | 0.3045
0.40  | 0.2480 (n=29)       | 0.2648
0.45  | 0.2164 (n=29)       | 0.2309
0.50  | 0.1896 (n=29)       | 0.2015
0.55  | 0.1652 (n=31)       | 0.1755
0.60  | 0.1438 (n=31)       | 0.1524
0.64  | 0.1288 (n=31)       | --
0.65  | 0.1253 (n=31)       | 0.1313
0.68  | 0.1151 (n=31)       | 0.1199